2017  1  1   0 00 00     0.10208                    
2017  1  1   0 05 00     0.09865                    
2017  1  1   0 10 00     0.10224                    
2017  1  1   0 15 00     0.10706                    
2017  1  1   0 20 00     0.10456                    
2017  1  1   0 25 00     0.10231                    
2017  1  1   0 30 00     0.10283                    
2017  1  1   0 35 00     0.10104                    
2017  1  1   0 40 00     0.10101                    
2017  1  1   0 45 00     0.10226                    
2017  1  1   0 50 00     0.10116                    
2017  1  1   0 55 00     0.10156                    
2017  1  1   1 00 00     0.10182                    
2017  1  1   1 05 00     0.10334                    
2017  1  1   1 10 00     0.10316                    
2017  1  1   1 15 00     0.10186                    
2017  1  1   1 20 00     0.10390                    
2017  1  1   1 25 00     0.10636                    
2017  1  1   1 30 00     0.10413                    
2017  1  1   1 35 00     0.10255                    
2017  1  1   1 40 00     0.10160                    
2017  1  1   1 45 00     0.10157                    
2017  1  1   1 50 00     0.10068                    
2017  1  1   1 55 00     0.09938                    
2017  1  1   2 00 00     0.10048                    
2017  1  1   2 05 00     0.10081                    
2017  1  1   2 10 00     0.10125                    
2017  1  1   2 15 00     0.10243                    
2017  1  1   2 20 00     0.10314                    
2017  1  1   2 25 00     0.10537                    
2017  1  1   2 30 00     0.10116                    
2017  1  1   2 35 00     0.10228                    
2017  1  1   2 40 00     0.10382                    
2017  1  1   2 45 00     0.10556                    
2017  1  1   2 50 00     0.10374                    
2017  1  1   2 55 00     0.10118                    
2017  1  1   3 00 00     0.09976                    
2017  1  1   3 05 00     0.09924                    
2017  1  1   3 10 00     0.10357                    
2017  1  1   3 15 00     0.10303                    
2017  1  1   3 20 00     0.10665                    
2017  1  1   3 25 00     0.10469                    
2017  1  1   3 30 00     0.10561                    
2017  1  1   3 35 00     0.10696                    
2017  1  1   3 40 00     0.10301                    
2017  1  1   3 45 00     0.10392                    
2017  1  1   3 50 00     0.10380                    
2017  1  1   3 55 00     0.10590                    
2017  1  1   4 00 00     0.10607                    
2017  1  1   4 05 00     0.10613                    
2017  1  1   4 10 00     0.10477                    
2017  1  1   4 15 00     0.10824                    
2017  1  1   4 20 00     0.10555                    
2017  1  1   4 25 00     0.10717                    
2017  1  1   4 30 00     0.11113                    
2017  1  1   4 35 00     0.10766                    
2017  1  1   4 40 00     0.10601                    
2017  1  1   4 45 00     0.10658                    
2017  1  1   4 50 00     0.10501                    
2017  1  1   4 55 00     0.10726                    
2017  1  1   5 00 00     0.10582                    
2017  1  1   5 05 00     0.10478                    
2017  1  1   5 10 00     0.10538                    
2017  1  1   5 15 00     0.10401                    
2017  1  1   5 20 00     0.10269                    
2017  1  1   5 25 00     0.10524                    
2017  1  1   5 30 00     0.10253                    
2017  1  1   5 35 00     0.10552                    
2017  1  1   5 40 00     0.10235                    
2017  1  1   5 45 00     0.10287                    
2017  1  1   5 50 00     0.10322                    
2017  1  1   5 55 00     0.10276                    
2017  1  1   6 00 00     0.10367                    
2017  1  1   6 05 00     0.10350                    
2017  1  1   6 10 00     0.10354                    
2017  1  1   6 15 00     0.10076                    
2017  1  1   6 20 00     0.09833                    
2017  1  1   6 25 00     0.09667                    
2017  1  1   6 30 00     0.09635                    
2017  1  1   6 35 00     0.09822                    
2017  1  1   6 40 00     0.09601                    
2017  1  1   6 45 00     0.10023                    
2017  1  1   6 50 00     0.09777                    
2017  1  1   6 55 00     0.09683                    
2017  1  1   7 00 00     0.09449                    
2017  1  1   7 05 00     0.09423                    
2017  1  1   7 10 00     0.09679                    
2017  1  1   7 15 00     0.09787                    
2017  1  1   7 20 00     0.09658                    
2017  1  1   7 25 00     0.09595                    
2017  1  1   7 30 00     0.09556                    
2017  1  1   7 35 00     0.09576                    
2017  1  1   7 40 00     0.09483                    
2017  1  1   7 45 00     0.09603                    
2017  1  1   7 50 00     0.09568                    
2017  1  1   7 55 00     0.09666                    
2017  1  1   8 00 00     0.09697                    
2017  1  1   8 05 00     0.09655                    
2017  1  1   8 10 00     0.09602                    
2017  1  1   8 15 00     0.09687                    
2017  1  1   8 20 00     0.09327                    
2017  1  1   8 25 00     0.09155                    
2017  1  1   8 30 00     0.09001                    
2017  1  1   8 35 00     0.09110                    
2017  1  1   8 40 00     0.09195                    
2017  1  1   8 45 00     0.09050                    
2017  1  1   8 50 00     0.09348                    
2017  1  1   8 55 00     0.09115                    
2017  1  1   9 00 00     0.09144                    
2017  1  1   9 05 00     0.09210                    
2017  1  1   9 10 00     0.09246                    
2017  1  1   9 15 00     0.09548                    
2017  1  1   9 20 00     0.09596                    
2017  1  1   9 25 00     0.09482                    
2017  1  1   9 30 00     0.09833                    
2017  1  1   9 35 00     0.09804                    
2017  1  1   9 40 00     0.09987                    
2017  1  1   9 45 00     0.10179                    
2017  1  1   9 50 00     0.10396                    
2017  1  1   9 55 00     0.10208                    
2017  1  1  10 00 00     0.10158                    
2017  1  1  10 05 00     0.10153                    
2017  1  1  10 10 00     0.09930                    
2017  1  1  10 15 00     0.10323                    
2017  1  1  10 20 00     0.10347                    
2017  1  1  10 25 00     0.10191                    
2017  1  1  10 30 00     0.10220                    
2017  1  1  10 35 00     0.10222                    
2017  1  1  10 40 00     0.10336                    
2017  1  1  10 45 00     0.10288                    
2017  1  1  10 50 00     0.10301                    
2017  1  1  10 55 00     0.10529                    
2017  1  1  11 00 00     0.10735                    
2017  1  1  11 05 00     0.10520                    
2017  1  1  11 10 00     0.10531                    
2017  1  1  11 15 00     0.10362                    
2017  1  1  11 20 00     0.10912                    
2017  1  1  11 25 00     0.10631                    
2017  1  1  11 30 00     0.10835                    
2017  1  1  11 35 00     0.10979                    
2017  1  1  11 40 00     0.10771                    
2017  1  1  11 45 00     0.10848                    
2017  1  1  11 50 00     0.10828                    
2017  1  1  11 55 00     0.10732                    
2017  1  1  12 00 00     0.10875                    
2017  1  1  12 05 00     0.10863                    
2017  1  1  12 10 00     0.10947                    
2017  1  1  12 15 00     0.10866                    
2017  1  1  12 20 00     0.10706                    
2017  1  1  12 25 00     0.10744                    
2017  1  1  12 30 00     0.10636                    
2017  1  1  12 35 00     0.10690                    
2017  1  1  12 40 00     0.10772                    
2017  1  1  12 45 00     0.10792                    
2017  1  1  12 50 00     0.10695                    
2017  1  1  12 55 00     0.10720                    
2017  1  1  13 00 00     0.10502                    
2017  1  1  13 05 00     0.10469                    
2017  1  1  13 10 00     0.10560                    
2017  1  1  13 15 00     0.10671                    
2017  1  1  13 20 00     0.10728                    
2017  1  1  13 25 00     0.10769                    
2017  1  1  13 30 00     0.10710                    
2017  1  1  13 35 00     0.10659                    
2017  1  1  13 40 00     0.10673                    
2017  1  1  13 45 00     0.10690                    
2017  1  1  13 50 00     0.10993                    
2017  1  1  13 55 00     0.10727                    
2017  1  1  14 00 00     0.10963                    
2017  1  1  14 05 00     0.10891                    
2017  1  1  14 10 00     0.10876                    
2017  1  1  14 15 00     0.10809                    
2017  1  1  14 20 00     0.10755                    
2017  1  1  14 25 00     0.10793                    
2017  1  1  14 30 00     0.10874                    
2017  1  1  14 35 00     0.10583                    
2017  1  1  14 40 00     0.10751                    
2017  1  1  14 45 00     0.10922                    
2017  1  1  14 50 00     0.10549                    
2017  1  1  14 55 00     0.10622                    
2017  1  1  15 00 00     0.10806                    
2017  1  1  15 05 00     0.10592                    
2017  1  1  15 10 00     0.10440                    
2017  1  1  15 15 00     0.10488                    
2017  1  1  15 20 00     0.10118                    
2017  1  1  15 25 00     0.09941                    
2017  1  1  15 30 00     0.09911                    
2017  1  1  15 35 00     0.09772                    
2017  1  1  15 40 00     0.09634                    
2017  1  1  15 45 00     0.09540                    
2017  1  1  15 50 00     0.09562                    
2017  1  1  15 55 00     0.09614                    
2017  1  1  16 00 00     0.09674                    
2017  1  1  16 05 00     0.09664                    
2017  1  1  16 10 00     0.09547                    
2017  1  1  16 15 00     0.09646                    
2017  1  1  16 20 00     0.09651                    
2017  1  1  16 25 00     0.09413                    
2017  1  1  16 30 00     0.09506                    
2017  1  1  16 35 00     0.09606                    
2017  1  1  16 40 00     0.09482                    
2017  1  1  16 45 00     0.09341                    
2017  1  1  16 50 00     0.09107                    
2017  1  1  16 55 00     0.09084                    
2017  1  1  17 00 00     0.09571                    
2017  1  1  17 05 00     0.09547                    
2017  1  1  17 10 00     0.09282                    
2017  1  1  17 15 00     0.09369                    
2017  1  1  17 20 00     0.09287                    
2017  1  1  17 25 00     0.09503                    
2017  1  1  17 30 00     0.09223                    
2017  1  1  17 35 00     0.09143                    
2017  1  1  17 40 00     0.09655                    
2017  1  1  17 45 00     0.09591                    
2017  1  1  17 50 00     0.09538                    
2017  1  1  17 55 00     0.09676                    
2017  1  1  18 00 00     0.09800                    
2017  1  1  18 05 00     0.09491                    
2017  1  1  18 10 00     0.09396                    
2017  1  1  18 15 00     0.09384                    
2017  1  1  18 20 00     0.09253                    
2017  1  1  18 25 00     0.09073                    
2017  1  1  18 30 00     0.09423                    
2017  1  1  18 35 00     0.09524                    
2017  1  1  18 40 00     0.09636                    
2017  1  1  18 45 00     0.09658                    
2017  1  1  18 50 00     0.09508                    
2017  1  1  18 55 00     0.09400                    
2017  1  1  19 00 00     0.09222                    
2017  1  1  19 05 00     0.09375                    
2017  1  1  19 10 00     0.09098                    
2017  1  1  19 15 00     0.09435                    
2017  1  1  19 20 00     0.09304                    
2017  1  1  19 25 00     0.09404                    
2017  1  1  19 30 00     0.09289                    
2017  1  1  19 35 00     0.09433                    
2017  1  1  19 40 00     0.09141                    
2017  1  1  19 45 00     0.09248                    
2017  1  1  19 50 00     0.09422                    
2017  1  1  19 55 00     0.09423                    
2017  1  1  20 00 00     0.09506                    
2017  1  1  20 05 00     0.09659                    
2017  1  1  20 10 00     0.09737                    
2017  1  1  20 15 00     0.09501                    
2017  1  1  20 20 00     0.09440                    
2017  1  1  20 25 00     0.09412                    
2017  1  1  20 30 00     0.09367                    
2017  1  1  20 35 00     0.09524                    
2017  1  1  20 40 00     0.09756                    
2017  1  1  20 45 00     0.09619                    
2017  1  1  20 50 00     0.09911                    
2017  1  1  20 55 00     0.09844                    
2017  1  1  21 00 00     0.09746                    
2017  1  1  21 05 00     0.09842                    
2017  1  1  21 10 00     0.10194                    
2017  1  1  21 15 00     0.10050                    
2017  1  1  21 20 00     0.10244                    
2017  1  1  21 25 00     0.10337                    
2017  1  1  21 30 00     0.10169                    
2017  1  1  21 35 00     0.09978                    
2017  1  1  21 40 00     0.09986                    
2017  1  1  21 45 00     0.10158                    
2017  1  1  21 50 00     0.09764                    
2017  1  1  21 55 00     0.09451                    
2017  1  1  22 00 00     0.09424                    
2017  1  1  22 05 00     0.09417                    
2017  1  1  22 10 00     0.09858                    
2017  1  1  22 15 00     0.09700                    
2017  1  1  22 20 00     0.09644                    
2017  1  1  22 25 00     0.09475                    
2017  1  1  22 30 00     0.09600                    
2017  1  1  22 35 00     0.09290                    
2017  1  1  22 40 00     0.09261                    
2017  1  1  22 45 00     0.09160                    
2017  1  1  22 50 00     0.09422                    
2017  1  1  22 55 00     0.08998                    
2017  1  1  23 00 00     0.08841                    
2017  1  1  23 05 00     0.09413                    
2017  1  1  23 10 00     0.09372                    
2017  1  1  23 15 00     0.09398                    
2017  1  1  23 20 00     0.09196                    
2017  1  1  23 25 00     0.09262                    
2017  1  1  23 30 00     0.09033                    
2017  1  1  23 35 00     0.00000           
2017  1  1  23 40 00     0.00000           
2017  1  1  23 45 00     0.00000           