2017  1  1   0 00 00     0.10653         
2017  1  1   0 05 00     0.10435         
2017  1  1   0 10 00     0.10346         
2017  1  1   0 15 00     0.10309         
2017  1  1   0 20 00     0.10423         
2017  1  1   0 25 00     0.10544         
2017  1  1   0 30 00     0.10286         
2017  1  1   0 35 00     0.10398         
2017  1  1   0 40 00     0.10453         
2017  1  1   0 45 00     0.10249         
2017  1  1   0 50 00     0.10341         
2017  1  1   0 55 00     0.10347         
2017  1  1   1 00 00     0.10464         
2017  1  1   1 05 00     0.10455         
2017  1  1   1 10 00     0.10588         
2017  1  1   1 15 00     0.10712         
2017  1  1   1 20 00     0.10521         
2017  1  1   1 25 00     0.10529         
2017  1  1   1 30 00     0.10353         
2017  1  1   1 35 00     0.10396         
2017  1  1   1 40 00     0.10329         
2017  1  1   1 45 00     0.10343         
2017  1  1   1 50 00     0.10501         
2017  1  1   1 55 00     0.10346         
2017  1  1   2 00 00     0.10340         
2017  1  1   2 05 00     0.10440         
2017  1  1   2 10 00     0.10373         
2017  1  1   2 15 00     0.10465         
2017  1  1   2 20 00     0.10432         
2017  1  1   2 25 00     0.10190         
2017  1  1   2 30 00     0.10208         
2017  1  1   2 35 00     0.10298         
2017  1  1   2 40 00     0.10268         
2017  1  1   2 45 00     0.10022         
2017  1  1   2 50 00     0.10016         
2017  1  1   2 55 00     0.09839         
2017  1  1   3 00 00     0.09739         
2017  1  1   3 05 00     0.09870         
2017  1  1   3 10 00     0.10088         
2017  1  1   3 15 00     0.10312         
2017  1  1   3 20 00     0.10341         
2017  1  1   3 25 00     0.10539         
2017  1  1   3 30 00     0.10495         
2017  1  1   3 35 00     0.10625         
2017  1  1   3 40 00     0.10686         
2017  1  1   3 45 00     0.10775         
2017  1  1   3 50 00     0.10657         
2017  1  1   3 55 00     0.10685         
2017  1  1   4 00 00     0.10741         
2017  1  1   4 05 00     0.10878         
2017  1  1   4 10 00     0.10892         
2017  1  1   4 15 00     0.10828         
2017  1  1   4 20 00     0.11000         
2017  1  1   4 25 00     0.11018         
2017  1  1   4 30 00     0.11030         
2017  1  1   4 35 00     0.11085         
2017  1  1   4 40 00     0.10985         
2017  1  1   4 45 00     0.10906         
2017  1  1   4 50 00     0.10711         
2017  1  1   4 55 00     0.10647         
2017  1  1   5 00 00     0.10620         
2017  1  1   5 05 00     0.10631         
2017  1  1   5 10 00     0.10545         
2017  1  1   5 15 00     0.10465         
2017  1  1   5 20 00     0.10419         
2017  1  1   5 25 00     0.10519         
2017  1  1   5 30 00     0.10373         
2017  1  1   5 35 00     0.10561         
2017  1  1   5 40 00     0.10351         
2017  1  1   5 45 00     0.10517         
2017  1  1   5 50 00     0.10430         
2017  1  1   5 55 00     0.10394         
2017  1  1   6 00 00     0.10342         
2017  1  1   6 05 00     0.10340         
2017  1  1   6 10 00     0.10357         
2017  1  1   6 15 00     0.10368         
2017  1  1   6 20 00     0.10388         
2017  1  1   6 25 00     0.09990         
2017  1  1   6 30 00     0.09847         
2017  1  1   6 35 00     0.10014         
2017  1  1   6 40 00     0.09820         
2017  1  1   6 45 00     0.09891         
2017  1  1   6 50 00     0.09836         
2017  1  1   6 55 00     0.09676         
2017  1  1   7 00 00     0.09595         
2017  1  1   7 05 00     0.09664         
2017  1  1   7 10 00     0.09725         
2017  1  1   7 15 00     0.09754         
2017  1  1   7 20 00     0.09530         
2017  1  1   7 25 00     0.09679         
2017  1  1   7 30 00     0.09582         
2017  1  1   7 35 00     0.09693         
2017  1  1   7 40 00     0.09549         
2017  1  1   7 45 00     0.09637         
2017  1  1   7 50 00     0.09750         
2017  1  1   7 55 00     0.09717         
2017  1  1   8 00 00     0.09931         
2017  1  1   8 05 00     0.10169         
2017  1  1   8 10 00     0.09978         
2017  1  1   8 15 00     0.09713         
2017  1  1   8 20 00     0.09700         
2017  1  1   8 25 00     0.09526         
2017  1  1   8 30 00     0.09328         
2017  1  1   8 35 00     0.09269         
2017  1  1   8 40 00     0.09577         
2017  1  1   8 45 00     0.09577         
2017  1  1   8 50 00     0.09701         
2017  1  1   8 55 00     0.09657         
2017  1  1   9 00 00     0.09743         
2017  1  1   9 05 00     0.09897         
2017  1  1   9 10 00     0.09732         
2017  1  1   9 15 00     0.09969         
2017  1  1   9 20 00     0.10025         
2017  1  1   9 25 00     0.10017         
2017  1  1   9 30 00     0.09984         
2017  1  1   9 35 00     0.09995         
2017  1  1   9 40 00     0.10088         
2017  1  1   9 45 00     0.10134         
2017  1  1   9 50 00     0.10022         
2017  1  1   9 55 00     0.09979         
2017  1  1  10 00 00     0.10287         
2017  1  1  10 05 00     0.10289         
2017  1  1  10 10 00     0.10385         
2017  1  1  10 15 00     0.10294         
2017  1  1  10 20 00     0.10443         
2017  1  1  10 25 00     0.10481         
2017  1  1  10 30 00     0.10626         
2017  1  1  10 35 00     0.10721         
2017  1  1  10 40 00     0.10679         
2017  1  1  10 45 00     0.10618         
2017  1  1  10 50 00     0.10737         
2017  1  1  10 55 00     0.10709         
2017  1  1  11 00 00     0.10528         
2017  1  1  11 05 00     0.10783         
2017  1  1  11 10 00     0.10857         
2017  1  1  11 15 00     0.11171         
2017  1  1  11 20 00     0.11013         
2017  1  1  11 25 00     0.11134         
2017  1  1  11 30 00     0.11175         
2017  1  1  11 35 00     0.10889         
2017  1  1  11 40 00     0.10977         
2017  1  1  11 45 00     0.11052         
2017  1  1  11 50 00     0.11352         
2017  1  1  11 55 00     0.11214         
2017  1  1  12 00 00     0.11206         
2017  1  1  12 05 00     0.11160         
2017  1  1  12 10 00     0.11053         
2017  1  1  12 15 00     0.10844         
2017  1  1  12 20 00     0.10873         
2017  1  1  12 25 00     0.10905         
2017  1  1  12 30 00     0.10918         
2017  1  1  12 35 00     0.10995         
2017  1  1  12 40 00     0.11048         
2017  1  1  12 45 00     0.10919         
2017  1  1  12 50 00     0.10819         
2017  1  1  12 55 00     0.10784         
2017  1  1  13 00 00     0.10889         
2017  1  1  13 05 00     0.10959         
2017  1  1  13 10 00     0.10902         
2017  1  1  13 15 00     0.10847         
2017  1  1  13 20 00     0.10817         
2017  1  1  13 25 00     0.10939         
2017  1  1  13 30 00     0.10884         
2017  1  1  13 35 00     0.10888         
2017  1  1  13 40 00     0.10945         
2017  1  1  13 45 00     0.10937         
2017  1  1  13 50 00     0.10963         
2017  1  1  13 55 00     0.10986         
2017  1  1  14 00 00     0.10942         
2017  1  1  14 05 00     0.10909         
2017  1  1  14 10 00     0.11083         
2017  1  1  14 15 00     0.11108         
2017  1  1  14 20 00     0.11016         
2017  1  1  14 25 00     0.11147         
2017  1  1  14 30 00     0.11015         
2017  1  1  14 35 00     0.10919         
2017  1  1  14 40 00     0.10682         
2017  1  1  14 45 00     0.10797         
2017  1  1  14 50 00     0.10688         
2017  1  1  14 55 00     0.10579         
2017  1  1  15 00 00     0.10544         
2017  1  1  15 05 00     0.10193         
2017  1  1  15 10 00     0.10196         
2017  1  1  15 15 00     0.10141         
2017  1  1  15 20 00     0.09987         
2017  1  1  15 25 00     0.10124         
2017  1  1  15 30 00     0.09932         
2017  1  1  15 35 00     0.09881         
2017  1  1  15 40 00     0.09912         
2017  1  1  15 45 00     0.09936         
2017  1  1  15 50 00     0.09678         
2017  1  1  15 55 00     0.09771         
2017  1  1  16 00 00     0.09982         
2017  1  1  16 05 00     0.09840         
2017  1  1  16 10 00     0.10008         
2017  1  1  16 15 00     0.09744         
2017  1  1  16 20 00     0.09776         
2017  1  1  16 25 00     0.09745         
2017  1  1  16 30 00     0.09714         
2017  1  1  16 35 00     0.09823         
2017  1  1  16 40 00     0.09707         
2017  1  1  16 45 00     0.09742         
2017  1  1  16 50 00     0.09702         
2017  1  1  16 55 00     0.09560         
2017  1  1  17 00 00     0.09626         
2017  1  1  17 05 00     0.09904         
2017  1  1  17 10 00     0.09743         
2017  1  1  17 15 00     0.09606         
2017  1  1  17 20 00     0.09785         
2017  1  1  17 25 00     0.09858         
2017  1  1  17 30 00     0.09702         
2017  1  1  17 35 00     0.09698         
2017  1  1  17 40 00     0.10015         
2017  1  1  17 45 00     0.09887         
2017  1  1  17 50 00     0.09804         
2017  1  1  17 55 00     0.09764         
2017  1  1  18 00 00     0.09761         
2017  1  1  18 05 00     0.09859         
2017  1  1  18 10 00     0.09983         
2017  1  1  18 15 00     0.09913         
2017  1  1  18 20 00     0.09873         
2017  1  1  18 25 00     0.10141         
2017  1  1  18 30 00     0.09935         
2017  1  1  18 35 00     0.10139         
2017  1  1  18 40 00     0.09907         
2017  1  1  18 45 00     0.09484         
2017  1  1  18 50 00     0.09645         
2017  1  1  18 55 00     0.09627         
2017  1  1  19 00 00     0.09721         
2017  1  1  19 05 00     0.09654         
2017  1  1  19 10 00     0.09736         
2017  1  1  19 15 00     0.09733         
2017  1  1  19 20 00     0.09689         
2017  1  1  19 25 00     0.10043         
2017  1  1  19 30 00     0.09711         
2017  1  1  19 35 00     0.09623         
2017  1  1  19 40 00     0.09685         
2017  1  1  19 45 00     0.09738         
2017  1  1  19 50 00     0.09889         
2017  1  1  19 55 00     0.09965         
2017  1  1  20 00 00     0.09735         
2017  1  1  20 05 00     0.09791         
2017  1  1  20 10 00     0.09931         
2017  1  1  20 15 00     0.10097         
2017  1  1  20 20 00     0.09989         
2017  1  1  20 25 00     0.10079         
2017  1  1  20 30 00     0.09950         
2017  1  1  20 35 00     0.09888         
2017  1  1  20 40 00     0.09839         
2017  1  1  20 45 00     0.09764         
2017  1  1  20 50 00     0.09878         
2017  1  1  20 55 00     0.09878         
2017  1  1  21 00 00     0.09943         
2017  1  1  21 05 00     0.09978         
2017  1  1  21 10 00     0.10142         
2017  1  1  21 15 00     0.10008         
2017  1  1  21 20 00     0.10256         
2017  1  1  21 25 00     0.10141         
2017  1  1  21 30 00     0.10106         
2017  1  1  21 35 00     0.10268         
2017  1  1  21 40 00     0.10028         
2017  1  1  21 45 00     0.09882         
2017  1  1  21 50 00     0.10070         
2017  1  1  21 55 00     0.10246         
2017  1  1  22 00 00     0.10077         
2017  1  1  22 05 00     0.10092         
2017  1  1  22 10 00     0.10004         
2017  1  1  22 15 00     0.10094         
2017  1  1  22 20 00     0.10012         
2017  1  1  22 25 00     0.10087         
2017  1  1  22 30 00     0.10198         
2017  1  1  22 35 00     0.09868         
2017  1  1  22 40 00     0.10058         
2017  1  1  22 45 00     0.10200         
2017  1  1  22 50 00     0.10236         
2017  1  1  22 55 00     0.10152         
2017  1  1  23 00 00     0.10385         
2017  1  1  23 05 00     0.10170         
2017  1  1  23 10 00     0.10154         
2017  1  1  23 15 00     0.10084         
2017  1  1  23 20 00     0.10230         
2017  1  1  23 25 00     0.10343         
2017  1  1  23 30 00     0.10486         
2017  1  1  23 35 00     0.00000         
2017  1  1  23 40 00     0.00000         
2017  1  1  23 45 00     0.00000         